25
13
70
42
66
10
46
26
12
20
21
60
59
20
11
67
58
72
63
64
26
52
41
21
69
69
36
71
73
44
70
25
56
50
54
2
26
18
38
27
58
41
74
62
14
69
15
43
61
37
6
33
47
26
58
66
18
40
60
29
34
17
72
41
61
24
38
6
12
45
67
5
66
35
22
1
59
20
62
32
25
43
15
33
13
57
54
39
25
55
56
4
14
36
61
51
19
64
39
69
51
9
70
29
73
34
50
27
57
53
17
38
54
41
28
61
9
70
48
9
16
44
52
63
11
20
19
37
58
36
74
55
71
68
58
57
25
68
6
5
13
72
55
31
32
43
14
17
72
74
24
2
60
56
66
42
28
20
73
32
8
34
11
44
29
9
60
11
31
64
50
17
9
50
5
23
58
21
66
32
74
32
18
29
14
28
6
6
19
67
69
45
64
26
47
59
67
31
18
38
39
39
64
48
64
68
11
3
2
65
46
24
49
9
25
31
52
55
49
2
18
37
34
25
5
56
30
52
44
10
72
7
47
24
20
50
13
69
62
56
58
37
52
5
69
3
58
3
54
22
21
64
1
49
40
74
58
66
56
61
69
43
13
28
47
8
36
52
55
14
67
37
25
27
23
19
37
28
45
56
16
30
1
32
54
4
22
57
40
68
19
71
13
58
68
39
5
7
64
3
71
22
74
15
43
47
51
18
67
69
39
37
55
35
17
10
70
8
14
71
20
62
29
38
13
31
5
30
33
41
51
55
65
19
56
21
54
61
27
47
54
29
12
58
23
38
17
17
24
9
8
60
33
2
48
73
64
11
72
52
14
36
52
50
28
33
41
58
47
25
56
67
46
42
9
35
57
7
73
63
43
33
28
7
71
14
18
20
68
75
66
1
30
63
10
55
34
47
54
45